


CAIXA ECONÔMICA FEDERAL
P.V. 0235 * SE - SP
Sipen - Sistema Penhor - #PÚBLICO
Relatório de Apuração de Resultado por Arrematante
Data Atual: 28/10/2025 09:
C.P.F/C.N.PJNúmero LoteValor LanceTarifa ArremataçãoTotal
Matrícula: c049775Data da Licitação: 21/10/2025
008.6XX.XXX-05
0235.000186-02.500,00150,002.650,00
0235.001517-8730,0043,80773,80
(2)3423.80Total
016.5XX.XXX-98
0235.000771-011.145,00668,7011.813,70
0235.001213-619.672,001.180,3220.852,32
(2)32666.02Total
028.4XX.XXX-60
0235.000184-33.373,00202,383.575,38
0235.000227-04.080,00244,804.324,80
0235.000239-41.270,0076,201.346,20
0235.000299-81.798,00107,881.905,88
0235.000406-02.255,00135,302.390,30
0235.000508-32.050,00123,002.173,00
0235.000564-43.485,00209,103.694,10
0235.000586-53.255,00195,303.450,30
0235.000601-23.655,00219,303.874,30
0235.000610-15.103,00306,185.409,18
0235.000621-71.115,0066,901.181,90
0235.000622-5580,0034,80614,80
0235.000645-43.941,00236,464.177,46
0235.000652-76.080,00364,806.444,80
0235.000800-7684,0041,04725,04
0235.000894-53.395,00203,703.598,70
0235.000895-32.885,00173,103.058,10
0235.000899-61.895,00113,702.008,70
0235.000923-24.233,00253,984.486,98
0235.000984-4705,0042,30747,30
0235.000990-91.285,0077,101.362,10
0235.001000-13.305,00198,303.503,30
0235.001002-83.800,00228,004.028,00
0235.001003-65.000,00300,005.300,00
0235.001024-92.800,00168,002.968,00
0235.001086-94.550,00273,004.823,00
0235.001134-22.452,00147,122.599,12
0235.001209-83.352,00201,123.553,12
0235.001235-73.601,00216,063.817,06
0235.001257-8775,0046,50821,50
0235.001290-03.836,00230,164.066,16
0235.001327-22.835,00170,103.005,10
0235.001330-21.260,0075,601.335,60
0235.001364-71.730,00103,801.833,80
0235.001636-03.254,00195,243.449,24
0235.001652-21.525,0091,501.616,50


0235.001680-85.535,00332,105.867,10
0235.001683-21.549,0092,941.641,94
0235.001693-0678,0040,68718,68
0235.001697-24.590,00275,404.865,40
0235.001785-51.140,0068,401.208,40
0235.001830-43.999,00239,944.238,94
0235.001915-73.960,00237,604.197,60
0235.001927-02.776,00166,562.942,56
0235.002046-53.695,00221,703.916,70
0235.002129-14.595,00275,704.870,70
0235.002203-42.685,00161,102.846,10
0235.002250-6831,0049,86880,86
(48)145463.80Total
038.8XX.XXX-76
0235.000053-77.344,00440,647.784,64
0235.000054-56.820,00409,207.229,20
0235.000056-17.675,00460,508.135,50
0235.000057-07.114,00426,847.540,84
0235.000060-06.622,00397,327.019,32
0235.000073-18.730,00523,809.253,80
0235.000088-09.360,00561,609.921,60
0235.000094-411.600,00696,0012.296,00
0235.000095-28.500,00510,009.010,00
0235.000096-05.564,00333,845.897,84
0235.000146-011.290,00677,4011.967,40
0235.000157-611.590,00695,4012.285,40
0235.000182-714.000,00840,0014.840,00
0235.000183-56.300,00378,006.678,00
0235.000187-87.900,00474,008.374,00
0235.000222-06.300,00378,006.678,00
0235.000228-95.000,00300,005.300,00
0235.000232-78.417,00505,028.922,02
0235.000234-37.280,00436,807.716,80
0235.000235-114.350,00861,0015.211,00
0235.000261-011.180,00670,8011.850,80
0235.000268-820.000,001.200,0021.200,00
0235.000289-029.400,001.764,0031.164,00
0235.000298-06.900,00414,007.314,00
0235.000324-253.000,003.180,0056.180,00
0235.000325-034.000,002.040,0036.040,00
0235.000338-226.230,001.573,8027.803,80
0235.000381-113.100,00786,0013.886,00
0235.000473-78.500,00510,009.010,00
0235.000477-09.315,00558,909.873,90
0235.000478-88.246,00494,768.740,76
0235.000479-67.084,00425,047.509,04
0235.000490-711.362,00681,7212.043,72
0235.000492-37.222,00433,327.655,32
0235.000493-116.758,001.005,4817.763,48
0235.000506-722.170,001.330,2023.500,20
0235.000507-59.400,00564,009.964,00


0235.000509-19.980,00598,8010.578,80
0235.000533-46.992,00419,527.411,52
0235.000540-76.256,00375,366.631,36
0235.000543-121.136,001.268,1622.404,16
0235.000544-07.000,00420,007.420,00
0235.000583-06.532,00391,926.923,92
0235.000587-37.130,00427,807.557,80
0235.000597-08.100,00486,008.586,00
0235.000618-721.000,001.260,0022.260,00
0235.000640-310.189,00611,3410.800,34
0235.000642-07.350,00441,007.791,00
0235.000643-86.233,00373,986.606,98
0235.000646-25.960,00357,606.317,60
0235.000651-95.796,00347,766.143,76
0235.000653-510.300,00618,0010.918,00
0235.000658-64.900,00294,005.194,00
0235.000774-413.392,00803,5214.195,52
0235.000775-212.500,00750,0013.250,00
0235.000776-012.930,00775,8013.705,80
0235.000791-47.465,00447,907.912,90
0235.000799-012.620,00757,2013.377,20
0235.000809-023.780,001.426,8025.206,80
0235.000821-012.780,00766,8013.546,80
0235.000828-720.787,001.247,2222.034,22
0235.000829-59.900,00594,0010.494,00
0235.000849-05.000,00300,005.300,00
0235.000855-415.000,00900,0015.900,00
0235.000856-28.560,00513,609.073,60
0235.000892-97.650,00459,008.109,00
0235.000898-811.500,00690,0012.190,00
0235.000905-415.780,00946,8016.726,80
0235.000908-913.400,00804,0014.204,00
0235.000919-414.000,00840,0014.840,00
0235.000922-46.700,00402,007.102,00
0235.000925-927.740,001.664,4029.404,40
0235.000929-16.770,00406,207.176,20
0235.000938-07.090,00425,407.515,40
0235.000940-211.640,00698,4012.338,40
0235.000942-911.150,00669,0011.819,00
0235.000964-05.050,00303,005.353,00
0235.000966-66.400,00384,006.784,00
0235.000967-414.720,00883,2015.603,20
0235.000980-17.360,00441,607.801,60
0235.000981-017.340,001.040,4018.380,40
0235.000982-89.600,00576,0010.176,00
0235.000989-58.117,00487,028.604,02
0235.000996-87.484,00449,047.933,04
0235.000998-413.800,00828,0014.628,00
0235.001009-57.820,00469,208.289,20
0235.001021-415.780,00946,8016.726,80
0235.001034-619.680,001.180,8020.860,80


0235.001045-123.322,001.399,3224.721,32
0235.001054-018.252,001.095,1219.347,12
0235.001055-940.000,002.400,0042.400,00
0235.001056-732.500,001.950,0034.450,00
0235.001057-528.160,001.689,6029.849,60
0235.001088-55.405,00324,305.729,30
0235.001105-921.715,001.302,9023.017,90
0235.001110-56.449,00386,946.835,94
0235.001111-37.084,00425,047.509,04
0235.001121-06.371,00382,266.753,26
0235.001122-97.669,00460,148.129,14
0235.001126-16.000,00360,006.360,00
0235.001127-05.257,00315,425.572,42
0235.001154-76.400,00384,006.784,00
0235.001169-516.100,00966,0017.066,00
0235.001202-06.900,00414,007.314,00
0235.001242-05.934,00356,046.290,04
0235.001243-87.650,00459,008.109,00
0235.001299-323.660,001.419,6025.079,60
0235.001361-212.000,00720,0012.720,00
0235.001362-010.320,00619,2010.939,20
0235.001367-110.400,00624,0011.024,00
0235.001372-812.760,00765,6013.525,60
0235.001380-910.320,00619,2010.939,20
0235.001389-219.500,001.170,0020.670,00
0235.001440-65.960,00357,606.317,60
0235.001447-36.000,00360,006.360,00
0235.001454-615.200,00912,0016.112,00
0235.001455-418.000,001.080,0019.080,00
0235.001487-213.950,00837,0014.787,00
0235.001518-615.700,00942,0016.642,00
0235.001529-114.000,00840,0014.840,00
0235.001553-415.800,00948,0016.748,00
0235.001569-08.600,00516,009.116,00
0235.001570-46.750,00405,007.155,00
0235.001583-618.400,001.104,0019.504,00
0235.001605-010.660,00639,6011.299,60
0235.001611-56.720,00403,207.123,20
0235.001613-111.600,00696,0012.296,00
0235.001624-717.800,001.068,0018.868,00
0235.001672-710.670,00640,2011.310,20
0235.001676-024.400,001.464,0025.864,00
0235.001681-68.200,00492,008.692,00
0235.001695-67.650,00459,008.109,00
0235.001698-011.200,00672,0011.872,00
0235.001719-76.700,00402,007.102,00
0235.001761-815.600,00936,0016.536,00
0235.001762-66.400,00384,006.784,00
0235.001776-68.000,00480,008.480,00
0235.001799-57.200,00432,007.632,00
0235.001816-912.600,00756,0013.356,00


0235.001820-727.140,001.628,4028.768,40
0235.001822-318.300,001.098,0019.398,00
0235.001823-110.750,00645,0011.395,00
0235.001825-820.000,001.200,0021.200,00
0235.001833-920.090,001.205,4021.295,40
0235.001837-14.300,00258,004.558,00
0235.001838-05.520,00331,205.851,20
0235.001839-85.400,00324,005.724,00
0235.001842-88.800,00528,009.328,00
0235.001845-213.500,00810,0014.310,00
0235.001848-77.040,00422,407.462,40
0235.001849-57.200,00432,007.632,00
0235.001850-912.000,00720,0012.720,00
0235.001867-317.790,001.067,4018.857,40
0235.001869-05.500,00330,005.830,00
0235.001878-96.000,00360,006.360,00
0235.001889-416.000,00960,0016.960,00
0235.001892-48.640,00518,409.158,40
0235.001900-99.980,00598,8010.578,80
0235.001904-113.935,00836,1014.771,10
0235.001905-013.000,00780,0013.780,00
0235.001907-610.600,00636,0011.236,00
0235.001916-515.000,00900,0015.900,00
0235.001931-925.600,001.536,0027.136,00
0235.001955-66.300,00378,006.678,00
0235.001964-513.340,00800,4014.140,40
0235.001965-311.630,00697,8012.327,80
0235.001979-36.750,00405,007.155,00
0235.001982-310.800,00648,0011.448,00
0235.001992-08.100,00486,008.586,00
0235.002029-55.600,00336,005.936,00
0235.002069-416.600,00996,0017.596,00
0235.002071-613.000,00780,0013.780,00
0235.002078-317.600,001.056,0018.656,00
0235.002084-88.000,00480,008.480,00
0235.002140-233.900,002.034,0035.934,00
0235.002141-033.700,002.022,0035.722,00
0235.002143-723.800,001.428,0025.228,00
0235.002155-020.200,001.212,0021.412,00
0235.002170-419.000,001.140,0020.140,00
0235.002179-811.200,00672,0011.872,00
(180)2382090.30Total
040.7XX.XXX-73
0235.000756-613.238,00794,2814.032,28
0235.001259-412.914,00774,8413.688,84
0235.001641-717.205,001.032,3018.237,30
(3)45958.42Total
047.6XX.XXX-32
0235.001582-82.639,00158,342.797,34
0235.001648-43.919,00235,144.154,14
0235.001961-016.209,00972,5417.181,54


(3)24133.02Total
052.0XX.XXX-45
0235.000969-04.068,00244,084.312,08
(1)4312.08Total
064.7XX.XXX-29
0235.002265-45.300,00318,005.618,00
(1)5618.00Total
067.2XX.XXX-11
0235.001309-421.361,001.281,6622.642,66
(1)22642.66Total
075.4XX.XXX-30
0235.000467-25.320,00319,205.639,20
(1)5639.20Total
076.4XX.XXX-40
0235.000893-71.414,0084,841.498,84
0235.001901-72.702,00162,122.864,12
0235.001919-05.149,00308,945.457,94
(3)9820.90Total
079.6XX.XXX-11
0235.000055-34.385,00263,104.648,10
0235.000135-55.125,00307,505.432,50
0235.000216-57.450,00447,007.897,00
0235.000410-91.485,0089,101.574,10
0235.000867-87.110,00426,607.536,60
0235.000928-312.275,00736,5013.011,50
(6)40099.80Total
081.2XX.XXX-42
0235.000465-610.802,00648,1211.450,12
0235.001922-04.931,00295,865.226,86
(2)16676.98Total
093.1XX.XXX-20
0235.000036-7644,0038,64682,64
0235.000226-24.409,00264,544.673,54
0235.000229-716.289,00977,3417.266,34
0235.000230-06.859,00411,547.270,54
0235.000231-93.190,00191,403.381,40
0235.000256-42.529,00151,742.680,74
0235.000398-63.879,00232,744.111,74
0235.000399-45.963,00357,786.320,78
0235.000510-516.689,001.001,3417.690,34
0235.000559-83.119,00187,143.306,14
0235.000580-63.890,00233,404.123,40
0235.000582-27.919,00475,148.394,14
0235.000606-36.769,00406,147.175,14
0235.000634-93.560,00213,603.773,60
0235.000772-810.999,00659,9411.658,94
0235.000918-62.339,00140,342.479,34
0235.000963-12.499,00149,942.648,94
0235.000994-11.909,00114,542.023,54
0235.001006-01.478,0088,681.566,68
0235.001012-518.409,001.104,5419.513,54


0235.001172-58.199,00491,948.690,94
0235.001237-32.359,00141,542.500,54
0235.001240-34.628,00277,684.905,68
0235.001300-015.629,00937,7416.566,74
0235.001500-3894,0053,64947,64
0235.001538-03.789,00227,344.016,34
0235.001549-66.099,00365,946.464,94
0235.001561-51.246,0074,761.320,76
0235.001577-14.709,00282,544.991,54
0235.001634-42.953,00177,183.130,18
0235.001703-01.929,00115,742.044,74
0235.001787-15.949,00356,946.305,94
0235.001815-04.279,00256,744.535,74
0235.001824-018.829,001.129,7419.958,74
0235.001826-64.919,00295,145.214,14
0235.001832-021.619,001.297,1422.916,14
0235.001847-97.879,00472,748.351,74
0235.001860-68.609,00516,549.125,54
0235.001906-816.699,001.001,9417.700,94
0235.001908-42.569,00154,142.723,14
0235.001913-07.709,00462,548.171,54
0235.001914-93.009,00180,543.189,54
0235.002072-41.799,00107,941.906,94
0235.002073-24.759,00285,545.044,54
0235.002151-81.050,0063,001.113,00
(45)302579.12Total
094.1XX.XXX-00
0235.000192-43.229,00193,743.422,74
0235.001302-731.069,001.864,1432.933,14
0235.001821-527.199,001.631,9428.830,94
(3)65186.82Total
099.3XX.XXX-06
0235.001227-6701,0042,06743,06
(1)743.06Total
110.3XX.XXX-97
0235.000991-71.829,00109,741.938,74
(1)1938.74Total
116.7XX.XXX-40
0235.000591-11.699,00101,941.800,94
0235.000616-01.584,0095,041.679,04
0235.000644-63.847,00230,824.077,82
0235.000792-21.896,00113,762.009,76
0235.000904-63.119,00187,143.306,14
0235.001013-36.322,00379,326.701,32
0235.001087-72.055,00123,302.178,30
0235.001477-52.159,00129,542.288,54
0235.001551-8468,0028,08496,08
0235.001809-67.102,00426,127.528,12
0235.002221-22.068,00124,082.192,08
(11)34258.14Total
128.9XX.XXX-80


0235.001960-214.158,00849,4815.007,48
(1)15007.48Total
140.5XX.XXX-46
0235.000396-07.269,00436,147.705,14
(1)7705.14Total
189.4XX.XXX-93
0235.000827-91.627,0097,621.724,62
0235.001222-51.507,0090,421.597,42
0235.001902-51.507,0090,421.597,42
0235.002074-01.961,00117,662.078,66
(4)6998.12Total
246.6XX.XXX-43
0235.002258-117.500,001.050,0018.550,00
(1)18550.00Total
274.5XX.XXX-97
0235.000831-72.060,00123,602.183,60
(1)2183.60Total
301.8XX.XXX-54
0235.000466-43.999,00239,944.238,94
0235.000468-05.623,00337,385.960,38
0235.000469-96.211,00372,666.583,66
(3)16782.98Total
368.8XX.XXX-00
0235.000237-86.163,00369,786.532,78
0235.001133-416.462,00987,7217.449,72
0235.001726-011.390,00683,4012.073,40
0235.002242-56.020,00361,206.381,20
(4)42437.10Total
378.9XX.XXX-88
0235.001803-79.550,00573,0010.123,00
(1)10123.00Total
382.3XX.XXX-29
0235.001972-61.350,0081,001.431,00
(1)1431.00Total
439.4XX.XXX-60
0235.001011-71.053,0063,181.116,18
(1)1116.18Total
440.7XX.XXX-20
0235.001438-47.077,00424,627.501,62
0235.001530-59.033,00541,989.574,98
0235.001696-43.833,00229,984.062,98
0235.001808-819.533,001.171,9820.704,98
0235.001854-110.655,00639,3011.294,30
0235.002248-42.355,00141,302.496,30
(6)55635.16Total
460.0XX.XXX-08
0235.000250-511.536,00692,1612.228,16
0235.000251-312.126,00727,5612.853,56
0235.000260-23.396,00203,763.599,76
0235.000857-016.036,00962,1616.998,16
0235.001016-810.006,00600,3610.606,36


0235.001106-723.156,001.389,3624.545,36
0235.001260-87.166,00429,967.595,96
0235.001366-316.411,00984,6617.395,66
0235.001445-7976,0058,561.034,56
0235.001593-36.556,00393,366.949,36
0235.001623-95.906,00354,366.260,36
0235.001647-63.936,00236,164.172,16
0235.001656-53.366,00201,963.567,96
0235.002063-57.306,00438,367.744,36
(14)135551.74Total
485.7XX.XXX-80
0235.000770-111.100,00666,0011.766,00
0235.000986-021.400,001.284,0022.684,00
0235.001025-717.300,001.038,0018.338,00
0235.001301-921.600,001.296,0022.896,00
0235.001813-44.750,00285,005.035,00
0235.002064-31.653,0099,181.752,18
0235.002166-617.600,001.056,0018.656,00
(7)101127.18Total
719.8XX.XXX-15
0235.000491-59.304,00558,249.862,24
0235.001291-84.804,00288,245.092,24
(2)14954.48Total
899.1XX.XXX-68
0235.000278-56.800,00408,007.208,00
(1)7208.00Total
913.4XX.XXX-49
0235.000607-112.000,00720,0012.720,00
0235.000931-34.300,00258,004.558,00
0235.001802-99.500,00570,0010.070,00
(3)27348.00Total
968.8XX.XXX-68
0235.001655-72.921,00175,263.096,26
(1)3096.26Total
969.6XX.XXX-20
0235.001353-14.999,00299,945.298,94
(1)5298.94Total
02.4XX.XXX/0001-30
0235.001888-66.576,00394,566.970,56
(1)6970.56Total
03.6XX.XXX/0001-45
0235.001928-923.220,001.393,2024.613,20
(1)24613.20Total
23.6XX.XXX/0001-69
0235.000108-83.683,00220,983.903,98
0235.000252-111.849,00710,9412.559,94
0235.000505-92.499,00149,942.648,94
0235.000542-39.009,00540,549.549,54
0235.001929-727.009,001.620,5428.629,54
0235.002212-320.029,001.201,7421.230,74
(6)78522.68Total


27.4XX.XXX/0001-05
0235.000004-97.512,00450,727.962,72
0235.000100-23.361,00201,663.562,66
0235.000110-01.135,0068,101.203,10
0235.000111-83.550,00213,003.763,00
0235.000152-58.493,00509,589.002,58
0235.000191-61.868,00112,081.980,08
0235.000195-93.719,00223,143.942,14
0235.000215-74.793,00287,585.080,58
0235.000223-85.028,00301,685.329,68
0235.000240-86.127,00367,626.494,62
0235.000241-61.613,0096,781.709,78
0235.000242-42.909,00174,543.083,54
0235.000243-2347,0020,82367,82
0235.000249-14.724,00283,445.007,44
0235.000257-22.312,00138,722.450,72
0235.000311-04.363,00261,784.624,78
0235.000409-53.340,00200,403.540,40
0235.000474-52.784,00167,042.951,04
0235.000545-84.876,00292,565.168,56
0235.000614-42.104,00126,242.230,24
0235.000615-23.880,00232,804.112,80
0235.000630-61.730,00103,801.833,80
0235.000654-33.029,00181,743.210,74
0235.000769-83.760,00225,603.985,60
0235.000851-13.216,00192,963.408,96
0235.000891-012.792,00767,5213.559,52
0235.000973-92.444,00146,642.590,64
0235.000975-52.262,00135,722.397,72
0235.001004-42.006,00120,362.126,36
0235.001010-91.151,0069,061.220,06
0235.001058-39.695,00581,7010.276,70
0235.001075-34.367,00262,024.629,02
0235.001125-32.514,00150,842.664,84
0235.001168-77.538,00452,287.990,28
0235.001228-4878,0052,68930,68
0235.001238-1914,0054,84968,84
0235.001255-1288,0017,28305,28
0235.001717-08.439,00506,348.945,34
0235.001903-311.908,00714,4812.622,48
0235.002264-68.460,00507,608.967,60
(40)176202.74Total
31.8XX.XXX/0001-02
0235.000822-81.545,0092,701.637,70
0235.001708-11.598,0095,881.693,88
0235.001841-031.533,001.891,9833.424,98
0235.002068-612.297,00737,8213.034,82
(4)49791.38Total
37.1XX.XXX/0001-70
0235.001027-31.850,00111,001.961,00
(1)1961.00Total


37.8XX.XXX/0001-20
0235.000400-14.219,00253,144.472,14
0235.000401-04.163,00249,784.412,78
0235.000523-78.754,00525,249.279,24
0235.000571-74.620,00277,204.897,20
0235.002233-618.865,001.131,9019.996,90
(5)43058.26Total
39.7XX.XXX/0001-40
0235.000012-04.659,00279,544.938,54
0235.000045-64.259,00255,544.514,54
0235.000046-43.249,00194,943.443,94
0235.000048-022.339,001.340,3423.679,34
0235.000059-65.109,00306,545.415,54
0235.000065-02.439,00146,342.585,34
0235.000069-3809,0048,54857,54
0235.000089-811.009,00660,5411.669,54
0235.000098-75.069,00304,145.373,14
0235.000117-72.133,00127,982.260,98
0235.000122-36.909,00414,547.323,54
0235.000123-11.059,0063,541.122,54
0235.000131-24.409,00264,544.673,54
0235.000220-31.949,00116,942.065,94
0235.000253-05.933,00355,986.288,98
0235.000255-64.933,00295,985.228,98
0235.000259-96.409,00384,546.793,54
0235.000262-91.969,00118,142.087,14
0235.000353-64.709,00282,544.991,54
0235.000378-15.709,00342,546.051,54
0235.000452-42.109,00126,542.235,54
0235.000511-36.433,00385,986.818,98
0235.000512-16.933,00415,987.348,98
0235.000557-14.589,00275,344.864,34
0235.000563-65.833,00349,986.182,98
0235.000619-52.674,00160,442.834,44
0235.000635-71.269,0076,141.345,14
0235.000641-16.833,00409,987.242,98
0235.000647-02.733,00163,982.896,98
0235.000773-68.809,00528,549.337,54
0235.000790-63.979,00238,744.217,74
0235.000793-05.269,00316,145.585,14
0235.000848-16.833,00409,987.242,98
0235.000850-34.833,00289,985.122,98
0235.000852-02.633,00157,982.790,98
0235.000853-83.769,00226,143.995,14
0235.000854-63.433,00205,983.638,98
0235.000896-13.779,00226,744.005,74
0235.000897-03.269,00196,143.465,14
0235.000901-14.533,00271,984.804,98
0235.000924-06.333,00379,986.712,98
0235.000993-3949,0056,941.005,94
0235.001015-02.909,00174,543.083,54


0235.001132-614.033,00841,9814.874,98
0235.001171-76.589,00395,346.984,34
0235.001203-92.489,00149,342.638,34
0235.001261-62.009,00120,542.129,54
0235.001289-62.133,00127,982.260,98
0235.001292-62.369,00142,142.511,14
0235.001332-911.409,00684,5412.093,54
0235.001333-71.709,00102,541.811,54
0235.001345-010.909,00654,5411.563,54
0235.001444-92.569,00154,142.723,14
0235.001565-81.349,0080,941.429,94
0235.001580-18.089,00485,348.574,34
0235.001603-45.839,00350,346.189,34
0235.001606-97.879,00472,748.351,74
0235.001610-77.879,00472,748.351,74
0235.001612-36.109,00366,546.475,54
0235.001614-010.509,00630,5411.139,54
0235.001615-810.509,00630,5411.139,54
0235.001625-520.289,001.217,3421.506,34
0235.001631-09.009,00540,549.549,54
0235.001651-42.639,00158,342.797,34
0235.001668-93.509,00210,543.719,54
0235.001677-851.009,003.060,5454.069,54
0235.001682-410.533,00631,9811.164,98
0235.001686-78.433,00505,988.938,98
0235.001687-53.060,00183,603.243,60
0235.001694-82.629,00157,742.786,74
0235.001701-4940,0056,40996,40
0235.001702-23.709,00222,543.931,54
0235.001705-76.139,00368,346.507,34
0235.001724-32.609,00156,542.765,54
0235.001727-810.489,00629,3411.118,34
0235.001759-62.589,00155,342.744,34
0235.001792-84.009,00240,544.249,54
0235.001797-93.589,00215,343.804,34
0235.001798-78.089,00485,348.574,34
0235.001846-08.069,00484,148.553,14
0235.001851-78.749,00524,949.273,94
0235.001855-0520,0031,20551,20
0235.001859-27.849,00470,948.319,94
0235.001861-43.449,00206,943.655,94
0235.001891-62.839,00170,343.009,34
0235.001895-916.333,00979,9817.312,98
0235.001911-45.139,00308,345.447,34
0235.001912-2940,0056,40996,40
0235.001918-110.089,00605,3410.694,34
0235.001926-218.333,001.099,9819.432,98
0235.002022-87.759,00465,548.224,54
0235.002027-919.869,001.192,1421.061,14
0235.002077-51.020,0061,201.081,20
0235.002124-02.909,00174,543.083,54


0235.002154-2940,0056,40996,40
0235.002172-014.809,00888,5415.697,54
0235.002186-03.269,00196,143.465,14
0235.002210-71.116,0066,961.182,96
0235.002240-94.769,00286,145.055,14
0235.002261-13.569,00214,143.783,14
(100)652735.28Total
49.7XX.XXX/0001-80
0235.001995-55.719,00343,146.062,14
0235.002026-012.519,00751,1413.270,14
0235.002123-211.419,00685,1412.104,14
0235.002128-33.859,00231,544.090,54
0235.002178-05.119,00307,145.426,14
(5)40953.10Total
49.9XX.XXX/0001-50
0235.000097-911.548,00692,8812.240,88
0235.000617-99.462,00567,7210.029,72
0235.001288-82.604,00156,242.760,24
0235.001525-93.746,00224,763.970,76
0235.001526-73.486,00209,163.695,16
0235.001546-11.284,0077,041.361,04
0235.001584-41.802,00108,121.910,12
0235.001594-12.054,00123,242.177,24
0235.001604-22.599,00155,942.754,94
0235.001639-53.536,00212,163.748,16
0235.001640-92.185,00131,102.316,10
0235.001646-83.879,00232,744.111,74
0235.001649-25.245,00314,705.559,70
0235.001654-93.009,00180,543.189,54
0235.001665-44.581,00274,864.855,86
0235.001666-24.789,00287,345.076,34
0235.001685-92.476,00148,562.624,56
0235.001700-61.818,00109,081.927,08
0235.001807-01.156,0069,361.225,36
0235.001811-83.876,00232,564.108,56
0235.001819-34.302,00258,124.560,12
0235.001829-05.194,00311,645.505,64
0235.001843-66.494,00389,646.883,64
0235.001852-54.491,00269,464.760,46
0235.001868-13.390,00203,403.593,40
0235.001875-414.772,00886,3215.658,32
0235.001887-86.021,00361,266.382,26
0235.001897-5757,0045,42802,42
0235.001899-12.906,00174,363.080,36
0235.001909-23.435,00206,103.641,10
0235.001910-61.203,0072,181.275,18
0235.001917-32.860,00171,603.031,60
0235.001923-8612,0036,72648,72
0235.001925-42.778,00166,682.944,68
0235.002031-72.843,00170,583.013,58
0235.002065-115.101,00906,0616.007,06


0235.002066-05.326,00319,565.645,56
0235.002070-813.817,00829,0214.646,02
0235.002096-12.229,00133,742.362,74
0235.002121-64.852,00291,125.143,12
0235.002122-4982,0058,921.040,92
0235.002125-93.499,00209,943.708,94
0235.002127-53.568,00214,083.782,08
0235.002147-04.203,00252,184.455,18
0235.002156-93.883,00232,984.115,98
0235.002168-2566,0033,96599,96
0235.002171-22.054,00123,242.177,24
0235.002192-53.090,00185,403.275,40
0235.002198-41.622,0097,321.719,32
0235.002201-82.735,00164,102.899,10
0235.002211-51.707,00102,421.809,42
0235.002245-0698,0041,88739,88
(52)219552.50Total
54.9XX.XXX/0001-36
0235.001790-119.344,001.160,6420.504,64
(1)20504.64Total
 Alô CAIXA: 4004 0 104 (Capitais e Regiões Metropolitanas) / 0800 104 0 104 (Demais Regiões) / SAC: 0800 726 0101 / Ouvidoria: 0800
725 7474